dimwishlist:item=2372514509&perks=839105230,1885400500,2779035018,460017080
dimwishlist:item=882778888&perks=839105230,3142289711,3161816588,2846385770
dimwishlist:item=882778888&perks=839105230,3142289711,247725512,2846385770
dimwishlist:item=2598420927&perks=1467527085,3142289711,2450788523,1015611457
dimwishlist:item=1197771438&perks=3525010810,2822142346,3300816228,3108830275
dimwishlist:item=2763843899&perks=4090651448,1885400500,3017780555,1015611457
dimwishlist:item=2763843899&perks=4090651448,1885400500,3017780555,2720533289
dimwishlist:item=2763843899&perks=4090651448,1885400500,3017780555,4293542123
dimwishlist:item=2350330520&perks=4090651448,3142289711,3828510309,2173046394
dimwishlist:item=2350330520&perks=4090651448,3142289711,3828510309,1015611457
dimwishlist:item=3830941962&perks=4090651448,3142289711,684456054,3966416502
dimwishlist:item=3830941962&perks=4090651448,3230963543,684456054,3966416502
dimwishlist:item=2152484073&perks=1840239774,1431678320,1354429876,1015611457
dimwishlist:item=2152484073&perks=1840239774,1431678320,3828510309,2387244414
dimwishlist:item=2761869150&perks=981914802,3301904089,3108830275,438098033
dimwishlist:item=2510526114&perks=1840239774,3230963543,3828510309,2458213969
dimwishlist:item=3830941962&perks=839105230,106909392,684456054,3966416502
